56.6014
55.2712
53.9724
52.7041
51.4656
50.2563
49.0754
47.9223
46.7963
45.6968
44.6232
43.5748
42.551
41.5514
40.5753
39.6221
38.6913
37.7825
36.895
36.0284
35.1821
34.3558
33.5489
32.761
31.9916
31.2404
30.5068
29.7904
29.0909
28.4079
27.7409
27.0896
26.4536
25.8326
25.2262
24.634
24.0558
23.4912
22.9399
22.4015
21.8758
21.3625
20.8612
20.3717
19.8938
19.427
18.9713
18.5263
18.0917
17.6674
17.253
16.8484
16.4533
16.0675
15.6908
15.323
14.9637
14.613
14.2705
13.936
13.6094
13.2905
12.9791
12.675
12.3781
12.0882
11.805
11.5286
11.2586
10.995
10.7376
10.4862
10.2408
10.0011
9.76707
9.53854
9.31538
9.09747
8.88469
8.67691
8.47402
8.2759
8.08244
7.89353
7.70906
7.52894
7.35305
7.18129
7.01358
6.84981
6.68989
6.53373
6.38125
6.23235
6.08695
5.94498
5.80634
5.67096
5.53877
5.40969
5.28364
5.16056
5.04037
4.92301
4.8084
4.6965
4.58722
4.48052
4.37632
4.27458
4.17523
4.07821
3.98348
3.89097
3.80064
3.71244
3.62631
3.5422
3.46007
3.37988
3.30157
3.2251
3.15043
3.07751
3.00631
2.93679
2.8689
2.8026
2.73787
2.67466
2.61293
2.55266
2.4938
2.43632
2.3802
2.3254
2.27189
2.21963
2.16861
2.11878
2.07013
2.02262
1.97622
1.93092
1.88668
1.84348
1.8013
1.76011
1.71989
1.68062
1.64227
1.60481
1.56825
1.53254
1.49766
1.46361
1.43036
1.3979
1.36619
1.33523
1.305
1.27548
1.24665
1.2185
1.19101
1.16417
1.13796
1.11237
1.08738
1.06297
1.03914
1.01587
0.993144
0.970954
0.949286
0.928127
0.907465
0.887288
0.867586
0.848347
0.829561
0.811215
0.793301
0.775808
0.758726
0.742045
0.725757
0.709851
0.694318
0.679151
0.664341
0.649878
0.635755
0.621964
0.608497
0.595346
0.582504
0.569964
0.557718
0.545761
0.534084
0.522681
0.511546
0.500673
0.490055
0.479687
0.469562
0.459674
0.450019
0.440591
0.431384
0.422393
0.413614
0.40504
0.396668
0.388493
0.380509
0.372713
0.365099
0.357665
0.350405
0.343315
0.336392
0.329631
0.323029
0.316582
0.310286
0.304138
0.298134
0.292271
0.286545
0.280954
0.275494
0.270162
0.264955
0.25987
0.254904
0.250055
0.245319
0.240695
0.236179
0.231768
0.227461
0.223256
0.219148
0.215137
0.21122
0.207394
0.203659
0.20001
0.196448
0.192968
0.18957
0.186252
0.183011
0.179846
0.176756
0.173737
0.170789
0.167911
0.165099
0.162353
0.159672
0.157053
0.154496
0.151998
0.149558
0.147176
0.144849
0.142577
0.140358
0.13819
0.136074
0.134006
0.131987
0.130015
0.128089
0.126208
0.124371
0.122577
0.120824
0.119113
0.117441
0.115808
0.114213
0.112656
0.111135
0.109649
0.108197
0.10678
0.105395
0.104043
0.102722
0.101432
0.100172
0.0989409
0.0977386
0.0965642
0.095417
0.0942965
0.093202
0.0921328
0.0910884
0.0900683
0.0890717
0.0880983
0.0871474
0.0862185
0.085311
0.0844246
0.0835587
0.0827127
0.0818863
0.081079
0.0802903
0.0795198
0.078767
0.0780316
0.0773132
0.0766112
0.0759255
0.0752554
0.0746008
0.0739613
0.0733364
0.0727258
0.0721293
0.0715464
0.0709769
0.0704204
0.0698767
0.0693454
0.0688262
0.0683188
0.0678231
0.0673386
0.0668652
0.0664026
0.0659505
0.0655086
0.0650768
0.0646548
0.0642424
0.0638393
0.0634453
0.0630603
0.0626839
0.062316
0.0619565
0.061605
0.0612614
0.0609256
0.0605973
0.0602764
0.0599627
0.059656
0.0593561
0.059063
0.0587763
0.0584961
0.0582221
0.0579542
0.0576923
0.0574361
0.0571856
0.0569407
0.0567012
0.0564669
0.0562378
0.0560137
0.0557946
0.0555802
0.0553706
0.0551655
0.0549649
0.0547686
0.0545766
0.0543888
0.0542051
0.0540253
0.0538494
0.0536772
0.0535088
0.053344
0.0531827
0.0530248
0.0528703
0.0527191
0.0525711
0.0524262
0.0522844
0.0521455
0.0520096
0.0518765
0.0517462
0.0516186
0.0514937
0.0513713
0.0512515
0.0511341
0.0510192
0.0509066
0.0507963
0.0506882
0.0505824
0.0504787
0.050377
0.0502774
0.0501798
0.0500842
0.0499904
0.0498985
0.0498084
0.0497201
0.0496335
0.0495486
0.0494654
0.0493837
0.0493037
0.0492251
0.0491481
0.0490725
0.0489984
0.0489256
0.0488542
0.0487842
0.0487154
0.048648
0.0485817
0.0485167
0.0484528
0.0483901
0.0483286
0.0482681
0.0482087
0.0481504
0.048093
0.0480367
0.0479814
0.047927
0.0478736
0.047821
0.0477694
0.0477186
0.0476687
0.0476196
0.0475713
0.0475238
0.0474771
0.0474311
0.0473858
0.0473413
0.0472975
0.0472544
0.0472119
0.0471701
0.047129
0.0470884
0.0470485
0.0470091
0.0469704
0.0469322
0.0468946
0.0468575
0.0468209
0.0467849
0.0467493
0.0467143
0.0466797
0.0466456
0.046612
0.0465788
0.046546
0.0465137
0.0464818
0.0464503
0.0464192
0.0463885
0.0463582
0.0463282
0.0462987
0.0462694
0.0462405
0.046212
0.0461838
0.0461559
0.0461283
0.046101
0.046074
0.0460474
0.046021
0.0459949
0.045969
0.0459434
0.0459181
0.0458931
0.0458683
0.0458437
0.0458194
0.0457953
